Sun-12-May-2013-18-31-04-GMT:null,154
Mon-13-May-2013-20-56-13-GMT:null,154
Sat-21-Dec-2013-19-01-26-GMT:154,208,159,158,153,151,156,157,23,18,167,13,9,7,6,2,102,1,117,20,122,123,124
Sun-12-May-2013-21-14-19-GMT:null,154,155,178,177,200
Sun-12-May-2013-20-01-03-GMT:null,154,155,178,177,200,199,203,204,89
Mon-13-May-2013-09-47-43-GMT:null,154,155,178,177,178,155,154,177,178,155,154,178,155,154,208,159,158,153,151,156,157,23,18,167,13,9,7,6,2,102,1,117,20,122,123,124
Sun-12-May-2013-20-27-04-GMT:154
Tue-14-May-2013-01-40-38-GMT:154,160,206,204,89,204,203,199,200,177,187,188,217,185,189,181,174,182,194,182,174,181,189,185,217,188,187,177,178,155,154
Tue-14-May-2013-04-04-34-GMT:null,154
Sun-12-May-2013-09-01-58-GMT:null,154
Mon-13-May-2013-05-07-08-GMT:null,154,165,154,155,178,177,187,210,186,201,617,616,202,199
Tue-14-May-2013-04-17-28-GMT:null,154
Mon-13-May-2013-08-59-11-GMT:151
Sun-12-May-2013-16-58-29-GMT:124
Mon-13-May-2013-04-58-39-GMT:154,null,154
Tue-14-May-2013-04-52-05-GMT:null,154,155,178,155,178,177,187,188,217
Mon-13-May-2013-16-50-58-GMT:154,null,154
Tue-14-May-2013-06-14-38-GMT:null,154,155,178,177,187,210,186,201,617,616,617,201,215,336,640,340,339,338,339
Mon-13-May-2013-05-33-00-GMT:null,154,155,178,177,187,210,186,201
Sun-12-May-2013-20-58-41-GMT:null,154
Mon-13-May-2013-08-24-19-GMT:null,154
Mon-13-May-2013-22-43-04-GMT:null,154,155,178,177,187,188,217,185,189,181,174,182
Sat-21-Dec-2013-19-30-17-GMT:null,154
Mon-13-May-2013-22-59-40-GMT:154,null,154,155,178,177,187,177,178,177,187,188,217,185
Mon-13-May-2013-19-58-37-GMT:154,155
Sun-12-May-2013-18-40-39-GMT:null,154
Tue-14-May-2013-06-28-28-GMT:null,154,208,159,158,153,151,156,157,23,18,167,13,9,7,6,2,102,1,117,20,122,123,124
Sun-12-May-2013-18-45-33-GMT:null,154,160,209,205,203,204,89,402,90,348,346,345,349,341,354
Sun-12-May-2013-05-45-17-GMT:null,154,155,178,177,200,199,202,616,617,201,214,201,186,188,217,185,189,181,174,182,194,193,192,190,191,195,337,338,339,338,197,338,337,195,191,185,217,188,187,177
Tue-14-May-2013-05-35-47-GMT:154,null,154,155,178,177,187,177,178,155,178,177,187,210,186,201,622,621
Sat-21-Dec-2013-20-12-48-GMT:154
Tue-14-May-2013-03-55-35-GMT:null,154
Mon-13-May-2013-08-29-56-GMT:null,154
Mon-13-May-2013-09-19-56-GMT:154
Sun-12-May-2013-09-30-01-GMT:null,154
Tue-14-May-2013-04-39-18-GMT:null,154
Mon-13-May-2013-21-21-05-GMT:154,160,206,204,89,204,203,204,89
Sat-21-Dec-2013-20-15-53-GMT:154
Sat-21-Dec-2013-20-08-44-GMT:154
Mon-13-May-2013-21-12-52-GMT:null,154,160,209,160,154,160,209,205,203,204,89
Sun-12-May-2013-08-30-31-GMT:null,154,165,154,165,154,155,178,177,187,188,187,177
Sun-12-May-2013-05-41-39-GMT:null,154
Sat-21-Dec-2013-20-17-25-GMT:154
Mon-13-May-2013-19-03-54-GMT:null,154
Mon-13-May-2013-05-01-24-GMT:null,154
Mon-13-May-2013-09-02-23-GMT:null,154,160,209,205,203,204,89,398,89,204,203,199,200,177,200,177
Mon-13-May-2013-20-55-45-GMT:154,null,154
Mon-13-May-2013-05-06-37-GMT:154,null,154
Mon-13-May-2013-19-51-37-GMT:null,154,null,154,null
Mon-13-May-2013-09-46-55-GMT:null,154
Sat-21-Dec-2013-20-13-15-GMT:154
Tue-14-May-2013-05-56-49-GMT:null,154,208,159,208,154,155,178,177,178,155,154,160,206,205,209,160,206,204,89
Mon-13-May-2013-09-21-10-GMT:622
Sat-21-Dec-2013-20-17-25-GMT:154
